version https://git-lfs.github.com/spec/v1
oid sha256:4548942ce7285073a0ece4ceceb9cf24910021d400619098b38a7ef90018046a
size 3866
