version https://git-lfs.github.com/spec/v1
oid sha256:082bf78cded6eac31f976088e2a51b49302d20ba37c9a6af8f80709931977f5d
size 397882
